image_width: 640
image_height: 480
camera_name: rgb_PS1080_PrimeSense
camera_matrix:
  rows: 3
  cols: 3
  data: [542.5585478680173, 0, 320.4160329964058, 0, 543.3967742463915, 243.9434898070242, 0, 0, 1]
distortion_model: plumb_bob
distortion_coefficients:
  rows: 1
  cols: 5
  data: [0.04252451385921172, -0.08953942078492369, 0.005236224274086986, 0.0002351515773494793, 0]
rectification_matrix:
  rows: 3
  cols: 3
  data: [1, 0, 0, 0, 1, 0, 0, 0, 1]
projection_matrix:
  rows: 3
  cols: 4
  data: [544.5315551757812, 0, 320.0630366361838, 0, 0, 545.0802001953125, 245.2211861898941, 0, 0, 0, 1, 0]