image_width: 640
image_height: 480
camera_name: rgb_PS1080_PrimeSense
camera_matrix:
  rows: 3
  cols: 3
  data: [552.734916154184, 0, 312.817206085538, 0, 553.6667702242094, 230.9783176932233, 0, 0, 1]
distortion_model: plumb_bob
distortion_coefficients:
  rows: 1
  cols: 5
  data: [0.1204741828314917, -0.1810818230115508, 0.001436246675312458, -0.01161266967897019, 0]
rectification_matrix:
  rows: 3
  cols: 3
  data: [1, 0, 0, 0, 1, 0, 0, 0, 1]
projection_matrix:
  rows: 3
  cols: 4
  data: [562.6045532226562, 0, 305.7691731997256, 0, 0, 568.8316040039062, 231.0365578054752, 0, 0, 0, 1, 0]